,ch
0,6.454367052399519
1,3.328549196292968
2,5.4690173320537525
3,7.517320442349572
4,1.025646854642744
5,-1.0237017171497627
6,3.711585955733952
7,5.2446404239340865
8,-1.749814910001461
9,6.097070425799373
10,-0.05674008889438664
11,-0.1598160625566578
12,-1.191010774557455
13,-1.7922126268608025
14,0.9841054800959483
15,-0.2042525928995218
16,7.0178278718481835
17,1.7061563534731046
18,0.9565571512535627
19,-0.6612977174158201
20,0.10811946774954606
21,-0.05457753259217679
22,-1.563547137204679
23,6.393076539639495
24,-2.1229231196997915
25,-0.45331090605797897
26,-1.7052098733587826
27,7.491075675091977
28,-1.6552584123004834
29,-1.7620483320046532
30,-1.0646441692082789
31,5.824883592580207
32,-1.4981783178504173
33,4.409433187745506
34,5.748829339186685
35,6.676998146107124
36,6.792777210157126
37,1.7741592343187023
38,4.264130996568909
39,1.7000369213015603
40,5.513372160006455
41,6.2726482063877285
42,0.9526053779914745
43,0.5221767963026451
44,0.4472464412534265
45,1.8155395857789498
46,6.419625530401006
47,2.872649807136966
48,1.64506768099416
49,-0.09857323805447038
50,1.167296597540897
51,-0.26292319370479333
52,6.237298305866332
53,6.369379097751859
54,0.410760805505177
55,-0.2435919547719294
56,-0.16894235315923822
57,5.182645340457
58,6.120816031805205
59,6.357690515905759
60,2.975818707894703
61,1.3945032176412298
62,5.371296966833668
63,3.3224926906910497
64,5.649199279104849
65,2.601750276385772
66,9.485078944987963
67,0.8200981837868113
68,3.7923352610810777
69,0.7371729877300622
70,1.50791849677951
71,3.7745917381976852
72,-0.11142082065673287
73,5.046260659895395
74,3.3184033639586943
75,-0.2906206412921364
76,2.1829621130633114
77,0.8276678461002829
78,3.970636221085058
79,6.272331466104859
80,1.1790197381483978
81,0.4557189097937027
82,2.7085901967908086
83,1.8898756444537668
84,0.23523431814790285
85,4.002940419748099
86,6.204426409901842
87,2.6620482541435
88,3.543443413359981
89,7.061161796644754
90,4.525124086742451
91,-0.8741756389994606
92,4.018211312246038
93,0.4960571333409263
94,3.9617280305461264
95,-1.287537240407275
96,4.1628013813420495
97,0.5810650882554711
98,0.2529281804487056
99,-0.7588244736547693
100,-1.2388715848523335
101,0.21432005684034994
102,5.5483475637953035
103,2.6429368149361636
104,1.800188079454145
105,-0.09620843300437787
106,0.7086285861947345
107,0.18580619999154635
108,-0.9243802339018856
109,5.110654018948097
110,-1.5773237163106586
111,0.06420179075173849
112,-1.2644263401074767
113,4.446412846249204
114,-1.3272357923582803
115,-0.9564930683012989
116,-0.5800304435537527
117,-1.2095762856528576
118,3.5908087726953255
119,0.6268406221912102
120,4.781013681858511
121,1.4319918647921241
122,3.5267168479327466
123,0.012408662991745922
124,2.0348473528989217
125,-0.11823897320975618
126,0.80657052003842
127,0.9506513965976211
128,0.6128912507943625
129,2.3388967438982746
130,0.20245153964749807
131,4.178015810498962
132,1.4018480462005554
133,2.802425184846996
134,0.42984448948807585
135,-0.14397543201941687
136,0.1689809252444121
137,-0.20216568410562274
138,0.18933490399156494
139,0.4202775105892016
140,0.45107603510003
141,-0.012322471082754305
142,3.409779939339913
143,2.964899459872484
144,3.460477196467835
145,2.868200677988696
146,3.781888062343185
147,4.210055377897859
148,3.299236889699003
149,2.314903854583989
150,3.3900619583165086
151,3.4954651857102164
152,3.627401689252636
153,1.2469859517819515
154,3.5669990838674295
155,3.359269896479944
156,2.9039350754683966
157,4.948035115295696
158,2.541692779609164
159,2.7251837669465004
160,3.875356308892677
161,4.285321317511787
162,2.6070910549111233
163,4.551647158751237
164,3.7271626361976615
165,1.964090067876512
166,3.060006307710026
167,2.5775564311348518
168,3.6086022965469766
169,2.3756038804040855
170,3.785398739242808
171,2.6352223876620684
172,2.6516549342137097
173,1.2831873646296827
174,3.495960841089598
175,2.4344178171923687
176,5.547431492688318
177,5.444141501000175
178,7.005918401600482
179,1.5661367082353337
180,-0.7110879513005983
181,4.08380931914833
182,5.2039443028366605
183,-1.7659935745108868
184,5.615063482500389
185,0.20860280900122058
186,-0.22924223535521548
187,-1.1928108077139967
188,-1.7386498069994762
189,1.3606213032540637
190,6.2080432111957435
191,1.7752690504508593
192,1.1970858522432337
193,-0.457885208103491
194,0.4136137830897296
195,0.2796318676515313
196,-1.4120490497593177
197,5.634415810339831
198,-2.41346988165462
199,-0.2193301486535546
200,-1.6008023107500975
201,7.273988832950252
202,-1.538746273607487
203,-1.6746227134139384
204,-0.9519425084539961
205,5.770215922042169
206,-1.5376284981015682
207,5.866098226353259
208,2.481736304947461
209,4.805628487687116
210,2.524273004047771
211,5.509553858444249
212,1.3368324989983904
213,0.4606373673355648
214,2.2184550774941982
215,6.02451521629844
216,3.024497696643792
217,2.0051407533897674
218,6.3516961202545446
219,1.3769107177427742
220,0.4596772815890091
221,5.643565298146839
222,0.014231961838575558
223,-0.11311105615133976
224,0.6058358831938477
225,5.458256386361953
226,0.531622207943272
227,4.976714213296489
228,5.8899514535983855
229,2.3838615150467177
230,5.379403373950098
231,4.1806111643469
232,3.32008713644025
233,5.60989474799824
234,1.2578837708420707
235,4.170006207397435
236,4.917737008046587
237,1.7497040236990673
238,2.4944898721347073
239,0.6356379947934129
240,4.942169701601941
241,4.6685382161936815
242,3.043478793542434
243,0.6298357792544067
244,2.712276999254371
245,1.757258311945023
246,4.639168357141514
247,1.7808549352954088
248,1.4685952578416421
249,3.639964572795705
250,2.8612962653892993
251,1.0780729873927868
252,4.396021921243644
253,6.767082112637198
254,3.6302266390408273
255,5.9679951990888895
256,4.197272354099894
257,3.149296314142319
258,1.6244890040030242
259,0.8004473466476866
260,0.0323893019972985
261,2.3011142135943174
262,0.3726607866024807
263,6.471861387291554
264,5.497064785505771
265,3.6208932701971004
266,2.370325075849522
267,2.082169854492875
268,1.432160031051879
269,1.9585422110936435
270,6.2287737277416255
271,-0.6030441993065523
272,2.5123687037499423
273,2.0029877886514242
274,7.4352902290662115
275,3.0519534388909757
276,5.789534848195743
277,7.583834384249329
278,8.349757627994748
279,4.273229463185615
280,1.8480330393354762
281,0.009888821041002416
282,0.5591548223488445
283,-0.41439849160671804
284,4.143952123485704
285,3.8569799854045215
286,5.041318052149634
287,-1.7650614481048454
288,8.649417754806178
289,5.953720651337406
290,-0.2956076712020348
291,0.05279294208737895
292,-1.0655988803977576
293,-1.8559220960109286
294,0.5592205372773407
295,-0.5420396778485355
296,6.835524525342024
297,1.9382968053956375
298,1.1922867165918234
299,-0.589974299408297
300,0.1206071117936317
301,-0.3177015462101026
302,-1.494256000855259
303,6.366175977742003
304,-2.1549324146566704
305,-0.37599778645601134
306,-1.7708819634066657
307,-1.6817176733988362
308,-1.650467440149825
309,-1.0144396422569315
310,4.784977904713358
311,-1.5989005072082563
312,4.058073200597917
313,1.4982209037494414
314,-0.2803524935574586
315,7.193543546347044
316,6.069163314752203
317,0.5104474654959432
318,0.667935934643154
319,4.172540131750409
320,0.3102418854865192
321,0.0959980207386053
322,6.803123250490515
323,4.217719260346328
324,2.638893679387891
325,0.06102118810083834
326,0.4631735360904515
327,-0.2664367955571123
328,6.060735268849001
329,-0.5883265140022758
330,-0.11334711465171665
331,6.807123868149191
332,-0.3785055195552758
333,5.072329369889829
334,0.017541206592412095
335,1.6165188577429745
336,6.151751089345979
337,3.7710707891415747
338,6.009627527853425
339,2.2822808067863463
340,6.278669269293076
341,1.7698333044423435
342,3.780670489145976
343,4.238212969994109
344,0.9932277560997845
345,1.4348006238447653
346,6.041688592691187
347,0.31927143898936095
348,6.063707023991427
349,6.5958612143927695
350,7.407451622747956
351,-0.2065065119499394
352,3.644278121640653
353,1.7789575535967543
354,3.756340178695225
355,1.1448564581947522
356,0.9834673728870058
357,2.631986818097701
358,6.347639583003527
359,1.9312100084967625
360,0.2288059007983776
361,3.82237132254484
362,5.550595088010212
363,2.4604750983504147
364,0.9852047517557168
365,1.7090537535037384
366,0.9645714481481064
367,2.1512449319084936
368,-0.22339382841202848
369,1.5956905841990903
370,1.7402579999394021
371,1.0906495443410478
372,-0.5385092049404392
373,1.7016675636510428
374,0.6838762271869
375,1.8844166325939824
376,2.017227165633429
377,0.20776313344283892
378,1.1230421798969275
379,0.6881870547654926
380,-0.5750764069493215
381,1.7246375092359614
382,-0.33559282711978256
383,-0.1684871067486
384,-1.1436946679645388
385,1.6168394757110747
386,1.2485455042402265
387,3.252136365091772
388,-0.6636682372158447
389,1.3630567220494214
390,0.796367679794983
391,1.388936516730226
392,-0.10489097300926165
393,1.4819169988036975
394,0.6708988460955679
395,1.5006765269059343
396,1.8016668142405052
397,0.6569026028115132
398,1.5351633506939635
399,1.023363683757978
400,-0.8201934234570416
401,-0.039393716255674005
402,0.7582635788927091
403,-0.2779140811148153
404,0.4220357063928333
405,0.6683939020327472
406,-0.6935767454091746
407,-1.2187725766547572
408,1.0878850720651625
409,-1.9061747869476875
410,2.6643727187452693
411,2.6038063006413523
412,1.219739805291809
413,-0.7628335947996874
414,-1.2932743524510641
415,1.0168383938412973
416,0.1949430344462399
417,2.218721340788377
418,1.7419283025352144
419,1.740545420081233
420,-0.3767572561468313
421,0.9053239655928138
422,0.1606089347965991
423,-0.20951881205694178
424,-2.032488262299395
425,-0.10552173295074851
426,-1.7495548371029344
427,-1.7910388637068735
428,-2.3220450741504663
429,-1.9727179815094331
430,1.3433206457080615
431,-1.8262607351520472
432,0.27042571234376567
433,-0.04921865875114406
434,1.7418240151888114
435,-2.4906332025479254
436,0.36664632209028986
437,-1.4043132615064873
438,-5.791565906151318
439,-0.8403916852188758
440,-1.6888261033113139
441,-0.137633342603678
442,0.7877872502918561
443,-0.8424560769093856
444,0.20803660820236303
445,-0.013722156645982864
446,-1.701611712156975
447,2.6241059931940782
448,-1.9316716496490898
449,-0.5701424386647178
450,-1.1215698399541196
451,0.45699015769021406
452,-2.3220622853008734
453,-1.1138882024028331
454,-0.6415606885642973
455,-0.019793968910036597
456,-0.4168471758970753
457,-0.5547456254102343
458,-0.8881507253030774
459,-0.6714162026968751
460,-2.1885534399083753
461,-0.6943583925134789
462,0.49657795914534125
463,-0.9783099313630572
464,-0.764388385301956
465,-1.3655649310443754
466,-0.7584467116543436
467,-0.6672754463619839
468,-1.6534789237525018
469,0.10855301325098299
470,-1.1400176617084268
471,-1.6384781723030954
472,0.03374089154711146
473,-0.8568674298571037
474,-1.0641343638675804
475,1.0327296374994859
476,3.9761720372149085
477,5.19716594708332
478,-1.3674235368929852
479,0.5997511456949525
480,0.045628864632433985
481,-1.1339555773451337
482,-1.4579928184615913
483,1.2328222226420422
484,0.5641738937261634
485,6.045905540896982
486,2.0924170494868832
487,1.5031244630987004
488,-0.0820499416153524
489,0.5796064220008502
490,0.23369551453613713
491,-1.3605259273030446
492,6.9987223509811685
493,-1.856090874298772
494,-0.03708238116489315
495,-1.3017000173553437
496,5.106176589960867
497,-1.455242631910025
498,-1.3767373131017138
499,-0.7987512611565966
500,5.862236250966433
501,-1.188765291354159
502,1.421601606303355
503,-1.664331436204904
504,4.97662591233491
505,0.8063965034994707
506,0.8289741288059105
507,5.588191016300314
508,0.30264086169297855
509,0.3969255172920185
510,1.819762180297019
511,1.0477749477973504
512,4.53478167919782
513,2.2292538471479726
514,1.8081771378379727
515,0.01494517214048574
516,1.1795021958274248
517,1.4206731539121193
518,-0.39571733235827367
519,4.586791001088913
520,0.6805500436526727
521,0.2804268483447032
522,0.4807227700290042
523,-0.21550694920044577
524,-0.05566850484721897
525,4.641712009240635
526,-1.313242610198742
527,2.299618744043599
528,4.210195992909192
529,2.121292409504875
530,4.50679368230665
531,4.307497302841128
532,1.1643042979408875
533,1.8394412494377121
534,2.8357287212343896
535,0.9599244238011835
536,1.4753181024785391
537,0.2382011071600374
538,3.927974893802073
539,3.10933245129452
540,0.09917705854930148
541,1.8981637556276636
542,0.9293350864969198
543,2.3844145864018884
544,4.868651073134587
545,1.317972220883874
546,0.6659220201105001
547,2.1262059689975814
548,1.5436424859941127
549,0.6125415164020325
550,2.172485389906413
551,4.251096743751603
552,1.944591886851029
553,-0.07891886386680369
554,6.254772504200062
555,1.4723834907886864
556,0.4966171435913367
557,-0.7409233968068489
558,-0.9438780068471004
559,0.6660084160390198
560,2.5726530079333116
561,1.832956640140381
562,0.007133260394383001
563,0.38925408449320287
564,-0.922616051704992
565,-1.4312799471012312
566,-0.09195141569982468
567,-1.151072286202563
568,3.1004969828023405
569,2.92045850781831
570,-1.4623792253918708
571,2.591996423841536
572,-0.3857931364004088
573,2.090900218637742
574,0.779840233789926
575,2.806915062995884
576,2.8850420076592656
577,5.578263895407488
578,-1.1435884072074458
579,0.6150640795745659
580,-1.2516312751962886
581,1.484739023696946
582,-1.2373709452134989
583,1.3078421708265324
584,-0.5637982408156148
585,0.4248049408411846
586,0.029078152703348792
587,-0.2849838708174701
588,-0.2400267192028167
589,2.4959617360396607
590,-0.3061632394059617
591,-0.6326924984099804
592,2.9377322263568004
593,-0.15000003220158908
594,-0.010234065448841534
595,0.2671836800833063
596,2.3244765473860554
597,-0.23069681991221103
598,5.1277318837415615
599,-1.3929483592368537
600,6.348871306242998
601,0.7085615784959172
602,0.35132957834100864
603,-0.6916954862648907
604,-1.2943015141503764
605,1.009102673185751
606,0.33461587029849216
607,6.395366717860796
608,2.6856226325395056
609,1.681333788782993
610,0.0008411038975992824
611,0.7272311726115532
612,0.2670179625634575
613,-1.0236744374055178
614,5.82599504129719
615,-1.5750924508505904
616,0.1688279971418325
617,-1.318704547057152
618,7.021952165366727
619,-1.2713904132728406
620,-0.8771863065561976
621,-0.6831301588485275
622,4.690310724781355
623,-1.345352519303944
624,0.8114802702471736
625,5.441151038255683
626,2.3234827196061616
627,2.415779243794148
628,1.5164680415869753
629,1.1726279201389644
630,0.6203169652868183
631,5.017001755331492
632,4.197795357256453
633,1.9497473557454015
634,3.6872627880907913
635,0.7157159271915391
636,0.5902487940507655
637,1.1375818342927033
638,5.491099438094878
639,1.9290865683975227
640,0.7131812548246472
641,4.8435471427252
642,1.0131566938612906
643,5.03857371631564
644,3.2572145537956914
645,4.423294190247887
646,4.690291132351902
647,3.3041277958469237
648,2.465657778498624
649,5.265252639095323
650,3.897729372739903
651,4.772443728895794
652,4.326230844038562
653,5.652444984705269
654,2.4983831407804047
655,4.450741837091826
656,5.224864210445574
657,5.110399116546958
658,3.4362245742591564
659,3.802380615510245
660,4.704095331562328
661,5.126239406948642
662,-1.541785036705207
663,4.02009617659094
664,3.0000554793474095
665,-0.4040147634008662
666,-0.5849986979559816
667,-1.1554112094531064
668,2.7537629990470833
669,2.9448446018482883
670,2.413390492294255
671,-1.6919388135105895
672,-0.3685790109106364
673,-1.0203394783024322
674,-1.3140825577051345
675,3.130831349291455
676,-1.161613840360971
677,-1.2920502482960927
678,-1.8129677700548397
679,-1.6902336800507527
680,-1.2470956816527379
681,1.9296545380598928
682,-1.3133865584608633
683,1.9882288782497
684,-1.3131112473478623
685,-1.8815501854027588
686,-1.288061059406047
687,-1.0851201232148213
688,-1.4235568800035452
689,0.7678308975387864
690,-0.5467405125004206
691,-0.1869582619114425
692,-2.1939440149493947
693,0.9918632415515987
694,-0.38492910679308046
695,-1.437412236402835
696,1.3024604394900763
697,-1.700985986246835
698,-1.4408576059071687
699,-1.645487688805971
700,2.6733789384375797
701,-2.55927677585207
702,-1.4227518991541928
703,-1.6113364493580062
704,-0.8967120388155512
705,-1.3846237164092798
706,-1.8788660545982765
707,-1.6855711456050106
708,-1.7536942330065557
709,-1.5625737856120594
710,-1.8020149157568288
711,-1.633100862808007
712,-1.794960908699451
713,-1.73663868210717
714,-1.638703618702877
715,-1.6280772330432427
716,-1.7506700957477932
717,-1.9499142975513877
718,-1.6398235710498028
719,-1.515134207551839
720,-1.7654373059053086
721,-1.7310508918075564
722,-1.5985600244970755
723,-1.8538145062561142
724,-1.8700178646071635
725,-1.9409489626527119
726,-1.8984590672466055
727,-1.4392443789951561
728,-1.4938860622554986
729,6.1987155569400585
730,-0.02678504970246831
731,-0.08041453745356364
732,-0.8070438622420828
733,-1.8651634902093264
734,6.795560390740846
735,2.0766113847872276
736,1.2919387495945358
737,-0.38335288725504313
738,0.5077315654430805
739,-0.024449496450344665
740,-1.484730112004783
741,5.761174668048241
742,-2.1295445336494794
743,-0.06979325385911761
744,-1.8060696842007222
745,7.301361988139959
746,-1.5854248856543762
747,-1.482757286458238
748,-1.0409369995517608
749,4.539045362700179
750,-1.7403921521057986
751,1.1872428823458705
752,2.003046701296242
753,5.597571868587309
754,1.2422836885339876
755,0.5185895194459391
756,-0.14968492475092887
757,0.3466001041466171
758,0.6804598378399334
759,7.68053452679267
760,4.821969195699765
761,1.9403661630963853
762,3.021928329684286
763,0.2022907883488898
764,6.832255962153411
765,7.192053178941549
766,5.809258883744022
767,0.2659353578470274
768,5.925083186842656
769,5.972221467086982
770,4.79891128949528
771,1.3746918335414904
772,3.342935174741413
773,8.560629118146224
774,3.2645957094915303
775,1.1749440851013588
776,4.600628193893115
777,8.148222431742015
778,4.334564058195227
779,0.09696681399653073
780,0.1712053875449585
781,-0.6274836950528164
782,-1.5096007725646103
783,0.8000485638472838
784,-0.43176928655559277
785,6.765404190694952
786,2.5553673164027515
787,1.5261778116396982
788,-0.3685612554603921
789,0.3389842499032767
790,-0.15940074931170056
791,-1.3289557557022107
792,5.769414207144635
793,-1.8414276801581053
794,-0.16858227840059214
795,-1.6526874127525129
796,7.087212342848559
797,-1.234268643608104
798,-1.109169816447704
799,-0.9224574773001417
800,4.53488419809544
801,-1.6183482788587042
802,1.5383769471532815
803,2.0782338639397295
804,1.3604888517925957
805,0.7275319946343899
806,2.976310213638115
807,-0.3408452366151522
808,6.705462410141607
809,5.270808523645955
810,2.8617083818531484
811,0.6480491067992061
812,1.4656010533431783
813,5.891511277999214
814,0.2124624036528786
815,-0.061441944106647495
816,0.6009115067932527
817,0.654453306251142
818,1.7955239802991656
819,4.9858012507935
820,0.7181332506912241
821,4.4340484014351915
822,4.330813853255293
823,2.584644928790638
824,3.974078801540216
825,6.455358091093856
826,3.859464996855948
827,1.396802647484563
828,5.379155682454055
829,4.8318850919454945
830,4.454943274791347
831,6.030106407246038
832,1.753054425292774
833,2.0988296162464195
834,3.5191799747004353
835,6.096241022641678
836,2.7488832496470224
837,1.3850365811900502
838,4.449905019094857
839,5.12171748730141
840,3.7118131028979207
841,0.21455298604230677
842,-0.5108926438519319
843,-1.6680669468609466
844,1.1347391973245777
845,0.9231330000453254
846,2.0240043648551165
847,0.7746852409923832
848,0.8668565248368196
849,-0.26799798085487225
850,1.1986983988040976
851,0.7914171128973777
852,-1.0113563880062628
853,-1.701724571510951
854,-0.1842833829600039
855,-1.3930655725147711
856,5.309194330254812
857,-1.3216051447583794
858,-1.0359561595636677
859,2.6944670806984306
860,-1.5307126568063012
861,-0.6055436329046842
862,2.8282974965037084
863,0.25080099824806723
864,-0.2017143153010892
865,0.9855044171377614
866,1.199697804555015
867,2.477298672290615
868,0.6343913054002569
869,0.7111901301028211
870,0.6565087180930077
871,1.0822622479459625
872,1.1466065580439846
873,-0.2704938770024654
874,3.561560956946394
875,-0.20777381420013774
876,0.6039997266412486
877,0.9757572311896894
878,-0.04687419395706627
879,0.2969044299421313
880,-0.5899921228978402
881,0.441468308108213
882,-1.1096466280654769
883,0.6976689972485275
884,1.272959081899515
885,0.4366013477025064
886,0.8352463529332255
887,1.0361975926912947
888,2.4702358215450464
889,0.3808314805424543
890,0.6154217051949473
891,1.332362961245579
892,0.8089037603491106
893,1.2670692455881891
894,-0.5428530941575644
895,0.5843767817019199
896,0.5248006540510488
897,1.34328676744515
898,-0.01296962561029602
899,0.7332217589005977
900,1.3727994856504466
901,-1.0432462254015462
902,0.387023295133602
903,-0.4968177592021874
904,0.12096786694344519
905,-0.7366545430599416
906,-0.950914802652207
907,-0.7178597761634791
908,5.365425906642102
909,1.7909878424466825
910,0.5833519330386281
911,-1.9418734016057186
912,-1.1676204810013782
913,-1.0945539699054478
914,5.07919888375325
915,-1.202033629905074
916,-1.7578539690461383
917,4.9706936268408555
918,-0.8106202545026662
919,-0.5907334970537901
920,-1.4740044726626564
921,-1.4055472296553688
922,1.8073783475934562
923,1.1139488838958442
924,2.5608649000419774
925,-0.6367661108455849
926,0.14467714558811906
927,-1.0376510889113177
928,-1.0125226002596013
929,1.9061162146513908
930,-1.5390325373013383
931,-1.7169168912591175
932,1.872941660041377
933,-2.6831495258542617
934,-0.21516347340222808
935,-0.511325508753927
936,0.8200818567489278
937,-1.0399075247118361
938,-0.37294602965486945
939,-0.7057343155578764
940,0.6812314167414826
941,-0.2266606912129845
942,-0.6379962012128289
943,0.1932210980445035
944,0.3775358417456829
945,-0.306196369045594
946,-0.028655900403848023
947,-1.0584826274102141
948,0.6373299304974154
949,-0.7897101426537319
950,-0.05798228891255519
951,-0.9327099786027446
952,-1.3061867666041707
953,-0.2679303602075578
954,0.24501109630143958
955,-0.49268679940944105
956,-0.7860527967081195
957,-1.2995182765538829
958,0.4833283279618427
959,1.950215051059402
960,1.3985651965882226
961,0.800923749993288
962,0.47285854415129336
963,4.336350553352148
964,-1.7133859420613788
965,0.03825077035214974
966,-0.98531801934989
967,4.087276321393418
968,-1.3061303029557365
969,-0.7546546014531685
970,3.3185777890463015
971,-1.0313047134517745
972,-1.0524976197070117
973,0.00927608874151531
974,6.315162115999172
975,0.9952976581076455
976,5.215969421638491
977,-1.2160077641605511
978,-0.4191138160571626
979,1.921078461894993
980,-1.1163805611144397
981,-0.012678055715170444
982,-0.1699154321108125
983,0.057063088359043945
984,-2.465255798457676
985,1.0995018839344795
986,-0.197196341005494
987,5.051607833101642
988,1.5788806155920407
989,1.9775778666476782
990,-0.5965174127472184
991,0.8670733316408388
992,-0.20172118590237176
993,-1.446151580563694
994,5.224420801146678
995,-2.5420602693015306
996,-0.32861909384193666
997,-1.5495061990554149
998,-2.913137625352121
999,-0.4958561090538045
1000,1.0117337420484345
1001,-1.7025464911607036
1002,-0.9631653675009346
1003,0.37759978864012567
1004,-0.4018116615520029
1005,0.200498578443856
1006,0.5834688058490229
1007,0.15274096699575068
1008,-0.28906863975718977
1009,-1.031692815954031
1010,-2.1458740848978977
1011,-0.934968387300998
1012,-1.353058851253465
1013,0.4970372871244564
1014,-0.6912124162612798
1015,-0.7553240695055337
1016,-0.06723728859871869
1017,-1.1831449839977923
1018,-0.9269151101984079
1019,-1.0566142258089002
1020,-0.7150942832526397
1021,-0.6309177042025311
1022,-1.940304257046975
1023,-0.2607654671559627
1024,-0.8607426713028161
1025,-0.4164133585494909
1026,-1.8736076584086025
1027,-1.04950076201969
1028,-1.6307285742517905
1029,1.7638740795005816
1030,-0.6983188051603262
1031,2.576409879547626
1032,2.319266927793777
1033,2.34682811403907
1034,-1.2370202583974077
1035,0.23128689853690787
1036,-0.6639823243462359
1037,-1.2654483315058511
1038,3.2365750591485067
1039,-0.9051604252585292
1040,-1.3151536655135914
1041,5.378841322891802
1042,-1.963423661111321
1043,-2.911247862912589
1044,-1.4688560107546633
1045,1.3417037450813751
1046,-1.5847373897471897
1047,-0.04770815475096413
1048,0.43505131954186993
1049,-1.4119936747069208
1050,-0.1912146665039669
1051,-1.0390074401497456
1052,1.8306851697994517
1053,-0.8251251466958109
1054,-1.2317041745522348
1055,2.535410147350902
1056,-1.2064716027074809
1057,-1.4277472974521717
1058,-0.005548264922637713
1059,-1.2085755186475777
1060,-2.543637168857842
1061,-1.393407551499351
1062,-1.602272813705369
1063,-1.4841502371622677
1064,-2.2134241005082202
1065,-1.6545116638557569
1066,-1.6206204296053526
1067,-1.3630518921603851
1068,-1.9079533232056036
1069,1.7564709507492609
1070,-1.564433616011613
1071,-1.8278326007606869
1072,-2.2074930391067227
1073,-1.275074426512603
1074,-1.571680279467202
1075,-1.755017590394729
1076,0.997139732789563
1077,1.9227469277971778
1078,1.5997678697963948
1079,-0.0404899271492668
1080,0.9328712062302456
1081,-1.7287433668501961
1082,-1.1719076348039579
1083,-1.2388516528539384
1084,-1.2354254675487226
1085,0.7854789084845635
1086,2.8580474984479025
1087,1.5924968521899956
1088,0.19076846765854327
1089,1.2363467769024084
1090,0.7671275512580706
1091,5.098997546643275
1092,-0.09077391116481692
1093,0.16469771738009342
1094,0.1452816467422764
1095,2.1263902578535436
1096,-0.9453240197439499
1097,0.6166960822989296
1098,1.6887144008029082
1099,0.6493489948403095
1100,1.3759297475949808
1101,-0.12912196225845207
1102,1.4955996312924782
1103,1.3757418527453211
1104,1.6974738131317082
1105,1.5570770183399674
1106,0.09714185124501273
1107,0.8072544106358492
1108,0.5977000873404705
1109,1.2274663415806373
1110,-0.005784596205941739
1111,0.8993257603429612
1112,0.5767885472465224
1113,-1.4769079954098032
1114,1.9102256779020337
1115,-2.914275401357756
1116,-0.1278114621022013
1117,-1.3800295506138553
1118,-1.0629114163552202
1119,1.239322137763864
1120,-1.874872851760685
1121,0.19273224539900002
1122,0.7216574647969336
1123,0.6100367085906129
1124,-2.084456154856909
1125,1.349082179790983
1126,0.17286834315525823
1127,-0.012915951465785724
1128,-0.0669121126997394
1129,1.2566205505496129
1130,-1.3705902614096177
1131,0.3620773268463182
1132,0.6208716693395928
1133,0.45445208364397155
1134,0.8899119820394645
1135,0.6638293285501078
1136,-0.8982270326436463
1137,-0.022682797404215305
1138,-0.6475519549516522
1139,0.26576555904973986
1140,-0.6600864026990365
1141,-0.21039699161012482
1142,-0.06374089809507666
1143,-1.8073300476011553
1144,0.21354371584273218
1145,-1.2421622577116267
1146,7.06269304924497
1147,2.8524679402394923
1148,0.45439113029858913
1149,0.08995736584945746
1150,-1.6261043399085082
1151,6.055251834990102
1152,-1.7078231868076017
1153,0.17114286934118184
1154,-1.6497752505551233
1155,7.074339589694844
1156,-0.9090496122538951
1157,-0.46732320445191533
1158,-1.1482057713459852
1159,4.630389216501115
1160,-1.6195868052622444
1161,4.61558391063916
1162,4.438541408784275
1163,1.817675067144208
1164,1.5731729596441966
1165,5.853081933045885
1166,0.6820251729473766
1167,1.3465377113003143
1168,1.7287184682932804
1169,5.381824779087381
1170,1.1215332409497734
1171,0.6589240001954552
1172,3.597185760495975
1173,4.673232519893261
1174,4.5031757245975115
1175,6.0565540357907395
1176,1.8707421637514727
1177,6.538241585645281
1178,2.7163521763464615
1179,1.1624002493895915
1180,5.139210529490427
1181,6.138527921295079
1182,3.3608485647979056
1183,1.7804125467533396
1184,1.2194689158382772
1185,-0.7231466078050488
1186,0.6246626230436759
1187,0.2730684820522383
1188,-1.3901251097471885
1189,6.053682622304748
1190,-1.9643235416064475
1191,-0.47316923025611857
1192,-1.4423435514039942
1193,-1.4215718097042753
1194,-1.5726738349534766
1195,5.486159959694831
1196,-1.388843998213289
1197,1.2965648891400434
1198,0.01661656364701969
1199,0.8745191144876827
1200,0.5818338098921032
1201,1.3883954182525287
1202,5.986502681647451
1203,0.11163551868555999
1204,0.20290590150177934
1205,0.5685904374436888
1206,-0.03170214645290059
1207,1.0628260407389263
1208,0.10176302434554418
1209,1.5239669546059105
1210,0.7312596821880816
1211,1.2745776826355524
1212,1.1089749146445484
1213,1.8640774159371887
1214,3.121060149441817
1215,2.3068371757013466
1216,1.1658562992993922
1217,2.6402681265404486
1218,2.5190343365425893
1219,2.191256346890057
1220,1.3106004528450086
1221,1.6853122975549724
1222,2.284204719591415
1223,2.9459712892399494
1224,-0.5041178251998844
1225,0.9706715596890517
1226,0.5272822641450857
1227,-1.2106996393999196
1228,-1.9968176073547705
1229,-0.2873548667634367
1230,-1.3463455989989797
1231,3.5401494073408486
1232,-1.2851870611997784
1233,-1.4012121162017335
1234,4.4613927129317545
1235,-1.3606115069036804
1236,0.4894869443920271
1237,1.1637692541895177
1238,1.0463144451528734
1239,1.6916818700443201
1240,4.058675660347561
1241,0.34467755168914493
1242,0.9086233461435569
1243,0.673812437054565
1244,0.12356845878782963
1245,1.5483446812919084
1246,3.2318683062436127
1247,-0.23217194900136917
1248,0.9680589267587294
1249,1.2482078790777251
1250,1.4008907495986733
1251,1.09518452569462
1252,2.133553110653864
1253,2.5271755744430067
1254,1.5786316314912057
1255,2.1484411388460813
1256,2.015158556246732
1257,1.5136745889445393
1258,0.7811840680456754
1259,1.5411567937949964
1260,2.359081332385884
1261,0.855087465297018
1262,0.24190274004793366
1263,-1.642340691955198
1264,-2.4633258310972646
1265,-0.11260199890277545
1266,-2.5821965841627588
1267,-1.6388673631540058
1268,-1.862362690310349
1269,0.3370989089340384
1270,-1.219137209504353
1271,0.21685364059301548
1272,-0.001389617202605109
1273,-0.8496443040625508
1274,0.5986305807451374
1275,-1.39986011855801
1276,-0.1681461477495958
1277,-1.8689276406607154
1278,-1.1312054591057148
1279,-1.0291167824074563
1280,0.3267230043416731
1281,-2.2630642636617466
1282,-0.5130051994005242
1283,-0.18745745454764062
1284,-1.1266650356541703
1285,0.025684416948550393
1286,-1.2723591386042443
1287,-0.22215108485435997
1288,-0.8620969134521346
1289,-0.8213000422023664
1290,-0.6075771395575629
1291,-1.9561514188994096
1292,-0.1905551308158664
1293,-1.393151696255174
1294,0.4638192626367328
1295,-1.1896427222076649
1296,-1.9714982990102925
1297,-0.3746185773037922
1298,-1.57169130005461
1299,-1.2017130801072398
1300,4.017614566524188
1301,-1.6217603823610456
1302,0.7451138819502177
1303,0.727728528737842
1304,4.5800074752874735
1305,-0.3191753826562689
1306,0.2710322542439627
1307,2.5639229153908474
1308,0.03404484274649644
1309,0.18948708399655345
1310,1.0734722903576568
1311,0.6816805408012243
1312,0.9770114720973452
1313,-0.40604493679749964
1314,0.6472640584903073
1315,0.2865321986424334
1316,0.8849834562420966
1317,0.025532441402518202
1318,0.3551192398986842
1319,0.6207503064975555
1320,0.9467621413419494
1321,-1.1567223902479071
1322,0.5917907274411646
1323,-0.46736613030263663
1324,-1.2431228199988453
1325,-0.11907626750910083
1326,-1.6985919290986402
1327,-1.0294191692068324
1328,2.33116653413488
1329,-1.651855628701398
1330,-1.1153327867490788
1331,2.5518084074461314
1332,-0.2978347871070781
1333,0.8692758211523851
1334,-0.022862664658916287
1335,0.0293814238426221
1336,-0.6519709478110796
1337,-0.8830962788546657
1338,0.08656499029491727
1339,-0.6450528615572892
1340,0.19976285064474542
1341,-0.49815683139824785
1342,0.004833218097317515
1343,-0.16758851880551617
1344,-0.1582163737534048
1345,-1.6687066862036062
1346,0.12974517068103342
1347,-1.0801418006143848
1348,-0.9474275955039251
1349,5.008690854696013
1350,-2.013289950501005
1351,-0.9662981463501841
1352,-1.7623147993094082
1353,-1.779473481456464
1354,-1.696077120958236
1355,-0.8577119350506308
1356,3.0097702834460307
1357,-1.1767385398065215
1358,1.8571351793030573
1359,-1.645108702160016
1360,-1.676744316861388
1361,-1.5464521291982438
1362,-1.4917228252110564
1363,-1.5733497658479083
1364,-1.338746887804902
1365,-0.3263134048651608
1366,-1.1184482181064794
1367,-1.418339641552322
1368,-1.4677535417544476
1369,-1.3661677311996954
1370,-1.3675676891511301
1371,-1.467802726462125
1372,-1.6848418124995281
1373,-1.6243077760013165
1374,-1.2049954531088787
1375,-1.1974250420593502
1376,-1.0171505763031945
1377,-1.6696902418593003
1378,0.05897074228921895
1379,-1.4990441841022606
1380,6.172816713944101
1381,-1.0185161117082513
1382,-0.4838950733468863
1383,-0.9437315415110987
1384,-1.3845573889033602
1385,1.4543032949491845
1386,6.755250874804531
1387,1.9412757032874453
1388,4.84874696625009
1389,1.5829967457426193
1390,5.088325309741393
1391,3.7730700775405954
1392,5.803549527290286
1393,5.314311771151168
1394,3.7623750511425698
1395,-2.109761449556047
1396,-0.9541361541054556
1397,-1.517477447598523
1398,1.2207075781876284
1399,-1.8561817606518365
1400,-2.4691466180469632
1401,-1.6300525755072357
1402,1.0651858796587277
1403,-1.6701446038554622
1404,-0.7359054137036054
1405,-1.557772949509328
1406,-1.9292993612493066
1407,-0.47284983615502085
1408,-1.6471255420041613
1409,-1.869961673448799
1410,-2.1902889140041424
1411,-2.6865370711552004
1412,-1.9953609140069806
1413,-1.9400696271954274
1414,-1.9645844309147125
1415,-0.0024024253074657054
1416,-1.5574985906536511
1417,-1.9678889811024618
1418,-1.3507379243059603
1419,-1.6887584148939112
1420,1.3868231447955424
1421,-1.865304513147223
1422,-0.6347141004120402
1423,-0.4909989447991592
1424,-0.3334040794001538
1425,-2.062328878008359
1426,1.1665621625612204
1427,-1.5611428073101907
1428,-0.6801341859594885
1429,0.4526795342367933
1430,-0.43483730204609117
1431,-0.3871177864006512
1432,-1.7811971186005593
1433,-0.08956769845137547
1434,-1.1654736394088303
1435,2.9706467765041253
1436,-1.6732239121560468
1437,-1.3583833027036436
1438,2.2533144246586545
1439,-1.411923401105398
1440,0.9119391211039128
1441,-1.378294552451209
1442,-1.2665841345519053
1443,-1.7895484962577233
1444,0.07332297855425884
1445,-1.5674514941551223
1446,-1.7784470683531457
1447,-1.5778597807078962
1448,-1.6838607741068898
1449,-1.9029250676034482
1450,-1.4220827714056417
1451,-1.6485203294072757
1452,-1.1881008570057217
1453,-0.7710173507497731
1454,4.518193755505834
1455,-1.7986814531072213
1456,2.722433376389361
1457,5.348361851748976
1458,-1.6058706349089533
1459,-2.825374925809612
1460,-0.21479006545307322
1461,1.5800183915558392
1462,-0.9933484386478284
1463,0.3178880123010259
1464,0.68822868813875
1465,-1.5823993197013095
1466,-1.5967070653027098
1467,-1.7956648673502258
1468,-1.6373911455579417
1469,-1.852075562854608
1470,0.5571692751396569
1471,-1.7526529213086377
1472,-1.8114755656101096
1473,-0.2682777818303492
1474,-2.518970389754415
1475,-1.7246022023577292
1476,-1.320469477559911
1477,-1.6195436753009034
1478,-0.6288090257525454
1479,-1.3911779184040112
1480,0.0993371976142754
1481,-1.2842535067060652
1482,-0.7677217118129396
1483,-1.0501405017070484
1484,5.87094246532395
1485,-1.2793934856530744
1486,-0.768219680216518
1487,2.1628301106898817
1488,-1.2186637991539304
